age,deaths,survivors
0,6325,67299
1-4,3224,60974
5-9,1007,57750
10-14,818,56743
15-19,1632,55925
20-24,1178,54293
25-29,1101,53115
30-34,917,52014
35-39,864,51097
40-44,815,50233
45-49,1057,49418
50-54,1334,48361
55-59,1699,47027
60-64,2488,45328
65-69,3564,42840
70-74,5292,39276
75-79,7284,33984
80-84,8758,26700
85-89,8951,17942
90-94,6089,8991
95-99,2458,2902
100-104,412,444
105-109,30,32
110+,2,2
